100
150
154
158
192
172
174
175
176
177
178
179
180
181
182
183
184
185
186
187
188
189
190
191
142
143
144
145
192
147
239
100
150
154
158
172
174
175
176
177
178
179
180
181
182
183
184
185
186
187
188
189
190
191
142
143
144
145
192
147
239
150
234
154
158
315
172
174
175
176
177
178
179
180
181
182
183
184
185
186
187
188
189
190
191
192
234
235
236
237
238
239
343
349
358
359
360
362
277
315
368
278
369
370
371
232
279
372
373
277
233
278
279
374
232
233
234
235
236
237
238
239
381
382
383
343
349
404
405
407
358
359
360
409
362
232
315
368
369
370
371
372
373
374
375
376
277
278
279
377
378
379
380
381
382
383
235
236
237
343
238
349
404
405
454
407
358
359
360
409
362
315
368
369
370
371
372
373
374
375
376
377
378
379
380
381
382
383
343
349
404
405
454
407
358
359
360
409
362
368
369
370
371
372
373
374
375
376
377
378
379
380
381
382
383
404
405
454
407
409
233
454
100
375
376
377
378
277
379
278
380
232
279
233
142
143
144
145
234
147
100
150
235
154
236
158
237
238
172
174
175
176
177
178
179
180
181
182
183
184
185
186
187
188
189
190
191
142
143
144
145
147
